desemhistorico_anch  																															
157			15			214			1088		12620		12547		21377		4004		41085		98178																							
41388		76525		33043		28181		24135		6847		0				0				571			510																							
634			5450		3658		7531		51831		64386		61448		97425		54208		282170																							
152362	268017	262257	205936	474223	256443	360828	292108	277981	1066694																							
447409	160464	198338	225838	256156	320587	382488	561621	381377	434636																							
222172	103180	74528		43866		63616   63869   71985																										
desemhistorico_sard																																
18147		22521		18505		20000		38000		50000		52186		113140	90040		113170 																	
57176		159332	121366	133655	182791	66824		28115		13129		10911		17074																							
33287		35952		46035		18559		38224		26943		22878		31816		18023		159650																							
285757	564879	452012	244101	341247	126715	446669	441149	317416	781004																							
722465	324462	250800	274395	238695	188925	268951	222795	762081	829302																							
734973	879658	828008	231816  430837  275329
des_oficialesvscorregidos
1991		1992		1993		1994		1995		1996		1997		1998		1999		2000		2001		2002		2003		2004		2005		2006		2007		2008		2009		2010		2011		2012	2013	2014	 2015   2016  2017  2018  2019    2020   2021 
151638 	268017 	262257 	205936	474223 	256443  360828  292139  277981  939051  411302  169042  266061  294636  352498  430556  629873  561652  350624  420000  220000  111000  74513 43866 56842  63168  71985 55709 61176 157812  166031 
151638 	268017 	262257 	205936 	474223 	256443  360828  292139  121488  404860  39380   16412  	266061  294636  352498  430556  629873  561652  350624  420000  220000  111000  74513 43866 56842  63168  71985 55709 61176 157812  166031
prop_des1erSem
0.5829  0.8191	0.9276	0.5643	0.8229	0.9795	0.7688	0.8425	0.7868	0.8520	0.8372	0.5987	0.8244	0.7858	0.6351	0.6622	0.8198	0.7000	0.7000	0.7000
year_cuota																																
2001	  2002	  2003	  2004	  2005	  2006	  2007	  2008	  2009	  2010	  2011	 2012	 2013	  2014  2015  2016	 2017   2018	2019 2020	2021 2022																
des_ind																																
32052	  60497	  85822	  109334	161836	176031	170345	182424	171326	89318	  13336	 13302	5770	4568	3351  5258   3272   1396  664    1794 0 NA
des_art																																
128412	204429	210939	193684	263413	466556	378737	212522	265836	132443	89638	 61226	37399	52274	59817 66727  52397  59780 157148 164237  170072 NA
cuot_ind																																
67771	  163020	149882	130560	170925	170984	185856	183920	181830	119931	29466	 30435	25595	9091	7380  8574	 12558	10626	25947	35083		45279		37329										
cuot_art																																
87169	  207480	234430	253440	276236	197616	236544	234080	231420	152639	37502	 38735	90745	32233	26165 30398	 44524	37676	91993	124385	160534	132250												
mes_id																																
1	2	3	4	5	6	7	8	9	10	11	12																					
numeroviajes																																
2007  5		1388	4168		2894		1531		305			192		22		229		624		287		36																					
2008  4		749		2670		2644		2318		1100		124		7			7			859		453		331																					
2009  2		481		3719		3465		1614		707			1643	340		23		898		455		204																					
2010  12	241		934			3836		1895		280			196		363		27		571		787		171																					
2011  0		39		2494		2969		1258		265			237		114		6			634		599		140																					
2012  2		20		870			2318		779			226			425		73		7			932		603		262																					
2013  0		84		1483		783			279			231			266		1			4			210		0			0																					
desembarquesenpeso																																
2007  0		0.03	0.17		0.18		0.08		0.01		0			0			0.02	0.05	0.02	0																					
2008  0		0.02	0.06		0.09		95.76		43.78		5.17	0.03	0.19	46.97	16.41	12.03																					
2009  0		6.03	56.37		120.96	63.45		23.51		47.11	14.55	0.2		48.35	36.28	8.17																					
2010  0		5.17	9.9			84.01		35.46		11.61		3.32	9.79	0.25	14.09	35.24	10.58																					
2011  0		0.47	26.42		46.5		12.95		1.9			2.03	0.36	0.01	3.8		5.35	1.84																					
2012  0		0.25	6.74		31.05		11.03		3.05		2.12	0.3		0.03	7.48	7.29	5.22																					
2013  0.22	0.13	2.28	27.94	15.68	1.58	1.00	0.06	0.04	1.66	9.76	3.52
2014  0	  0.71	14.88	29.74	9.73	1.52	2.12	0.10	0.00	2.40	2.03	0.38
2015  0  	0.25	21.38	7.40	3.42	2.81	0.79	0.00	0.00	0.02	2.64	3.56
tallamedia																																
2007  0		14.7	14.2		13.9		13.7		14			14.2	15.2	15.6	15.4	15		14.3																					
2008  0		14.4	14.2		13.1		12.8		13.4		15.2	0			10.2	14.7	15		15																					
2009  0		10.8	11.2		12			12			12			12.8	14.1	12.7	14.8	14.4	15.5																					
2010  0		13.6	12.7		12.8		13.9		13.7		13.7	14.9	13.2	14.6	14.3	13.9																					
2011  0		15.1	13.3		13.1		13.2		13.8		14.9	14.3	12.9	14.1	14.6	14.3																					
2012  0		0			15.5		12.7		13			14.1		13.7	0			13.2	13.4	14.9	15.1																					
2013  0		0			14.3		14.7		0				14.7		14.3	0			0			13.5	15.5	15.4																					
bajotalla																																
2007  0		10.3	9.5			14.4		14.2		15.5		11.3	5.6		1.3		0.7		0.5		0.1																					
2008  0		24.4	25.2		21.8		23.1		20.2		5			0			100		12.6	8.3		3.1																					
2009  0		86		75			39.3		45.5		52.5		31.5	19.3	21.8	12.9	9.2		0.5																					
2010  0		16.8	31.8		25			7				12.1		15.2	4			21.2	3.7		0.7		0																					
2011  0		8.2		14.5		16.8		20.3		0				0.6		0			0			0			0			0																					
2012  0		0			0				0				0				0				0			0			0			0			0			0																					
2013  0		0			0				0				0				0				0			0			0			0			0			0																					
indicegonodosomatico																																
2007  0		2.31	1.4			1.7			1.76		3.21		5.97	6.57	9.37	9.44	7.97	5.78																					
2008  0		2.23	1.41		1.56		1.63		2.41		2.4		0			1.52	7.44	5.45	5.91																					
2009  0		1.51	1.42		1.09		1.29		1.45		2			3.79	4.69	6.92	7.46	7.87																					
2010  0		1.75	1.41		1.06		2.05		2.02		2.72	4.17	8.38	10.14	8.26	8.45																					
2011  0		0			2.15		1.5			1.71		2.27		5.27	7.83	8.18	8.79	8.8	11.52																					
2012  0		4.89	4.13		3.58		1.92		3.61		5.19	0			7.43	8.97	10.3	8.32																					
2013  0		0			4.75		4.06		0				6.25		7.36	0			9.86	8.96	9.52	5.66																					
mes_evalhist																																
0			1109		210					510			910	211	511	1111	212	912	213	513	613	913	214																		
evalhistoricas																																
1990	498930		514315.85		847460	0				0				0				0				0				343052	342436	344421	346668	358180	333658																		
1991	1393700		1394993.64	1740000	0				0				0				0				0				962424	965199	968776	970427	997793	942562																		
1992	1564400		1567065.32	1867500	0				0				0				0				0				1130110	1134770	1138230	1138510	1168920	1109710																		
1993	2042000		2061270.55	2452000	0				0				0				0				0				1670170	1673420	1676770	1677590	1710090	1643650																		
1994	1661800		1680248.51	2032900	0				0				0				0				0				1396920	1398630	1400900	1401580	1425130	1376550																		
1995	1240300		1252732.55	1514000	1850960	1769710	2060070	2112190	2058010	942331	942455	944024	945493	960321	927683																		
1996	1240100		1241575.15	1454000	1735920	1664140	1901000	1925020	1870470	832240	830724	831925	833893	845799	817076																		
1997	1869100		1841054.99	2079500	2351920	2229820	2546640	2553280	2481090	807721	803505	803773	806718	813498	791111																		
1998	1767500		1742218.97	1947200	2196190	2072400	2352160	2335380	2271510	665452	658407	658414	664234	669777	639029																		
1999	1565400		1551823.19	1680400	1971150	1855410	2084050	2123210	2064990	584369	571056	570152	578392	582348	545226																		
2000	1012100		1027573.68	980360	1381200	1227090	1496390	1525090	1469130	339978	327704	325583	334654	332808	301451																		
2001	1097400		1097775.86	989170	1510260	1305410	1629660	1639170	1588390	664085	655734	651891	655823	656131	613181																		
2002	1154600		1156060.6		1230800	1532220	1317060	1624800	1607910	1567690	767612	764314	760350	765950	757489	715234																		
2003	1113600		1093082.28	1559800	1830500	1574690	1917150	1874940	1848120	922651	920688	916609	919843	907327	845270																		
2004	1870400		1821568.43	2748800	2912970	2509120	3027060	2883330	2854480	1437590	1436690	1430080	1431490	1401110	1318330																		
2005	2244200		2154144.14	3382700	3131540	2783530	3203000	3105220	3087740	1911680	1910390	1903190	1911540	1862060	1764920																		
2006	1762900		1678455.79	2621800	2271190	2025220	2297470	2226200	2213250	1622660	1608650	1602840	1623380	1565330	1485790																		
2007	1435100		1339043.88	2290600	1839160	1600590	1838150	1765960	1753630	1139350	1108280	1104050	1127560	1083090	1030400																		
2008	1029100		938689.77		1914500	1302840	1083340	1256810	1222210	1212980	926391	926447	922876	933876	915109	870104																		
2009	902060		428770.12		1460300	881835	702631	849802	856027	851405	641494	638731	634742	639076	636312	593106																		
2010	0					394399.47		750430	420568	216589	382857	413247	426055	311703	302684	294794	295412	307211	273463																		
2011	0					0						0				0				13016.4	227757	275165	305046	198070	192311	177906	179015	195131	169106																		
2012	0					0						0				0				0				0				0				300217	218413	223991	199106	202422	199527	180907																		
2013	0					0						0				0				0				0				0				0				0				220077	188099	192338	242969	156120																		
2014	0					0						0				0				0				0				0				0				0				0				0				0				0				214714																		
tallas																																
3	3.5	4	4.5	5	5.5	6	6.5	7	7.5	8	8.5	9	9.5	10	10.5	11	11.5	12	12.5	13	13.5	14	14.5	15	15.5	16	16.5	17	17.5	18	18.5	19
reclas_tallas																																
2000  0			0			0			0			1880	4110	9813	7932	7348	6747	4878	2873	1598	1265	1141	907		310		152		153		130		131		24		983		2686	3851	2034	672		152		0			21		0		19	0
2001  0			0			0			7130	21576	6059	6205	2854	1582	1080	1039	1792	1371	1420	1202	1701	3057	3957	2849	2955	2972	2288	1444	1211	590		247		45		21		17		0			3		0		0
2002  19		149		234		215		800		666		3816	2005	5379	7099	7599	4157	1397	384		339		98		304		1489	2221	2244	3855	5612	10884	10606	11572	7146	3813	1738	339		624		1		0		0
2003  367		1272	4167	3396	1411	412		426		1060	2030	2754	3663	4209	3398	2982	2602	2098	2271	1735	1380	1142	908		711		338		281		180		333		454		362		90		8			7		0		0
2004  0			0			0			0			0			0			56		156		1332	3220	7827	6532	5963	4033	2400	1305	1002	1161	1677	3921	6380	7239	9523	9887	7569	5310	1851	616		117		31		0		0		0
2005  0			0			0			0			331		1427	5313	3560	4372	5097	9701	12529	14429	11146	4632	1398	819		498		261		348		823		1994	4407	5895	4232	2857	1888	1717	914		219		0		0		0
2006  0			180		3495	1230	1607	1664	2231	3657	7595	10720	13734	13362	13483	6159	3524	1929	1001	911		976		1535	1707	1734	3209	4263	5191	4492	3919	2036	974		316		63	28	0
2007  0			0			0			0			0			0			241		407		1268	2235	3205	4104	3717	4180	3179	2906	4229	3813	8324	9318	6512	4556	3653	3255	2374	1715	1495	984		599		293		67	0		0
2008  0			0			0			0			0			0			20		497		315		2440	3591	4944	3534	3416	1537	1549	1431	584		414		90		807		2319	4907	7132	7483	5222	4708	3023	1484	451		41	0		0
2009  0			0			0			0			171		711		1725	4752	4371	8747	8869	6664	3207	1477	426		321		97		169		91		92		47		55		51		133		148		223		253		193		272		51		40	0		0
2010  0			0			2			8			229		751		1508	1877	1127	624		209		153		109		71		67		2			1			1			8			8			10		19		29		34		30		20		7			2			1			0			0		0		0
2011  0			0			0			0			0			0			0			48		29		174		368		576		536		236		26		3			3			3			6			21		35		26		60		98		167		178		101		38		9			1			2		0		0
2012  0			0			0			16		35		8			2			4			31		222		711		1094	2133	1931	2168	1493	659		147		36		210		420		301		226		215		250		184		77		34		16		3			0		0		0
2013  0			0			0			73		69		25		7			0			8			15		111		459		597		529		322		189		147		101		176		115		150		255		388		432		428		309		274		74		38		14		0		0		0
2014  0			0			0			9			8			45		98		194		294		367		401		422		374		659		806		823		1063	676		504		346		345		379		393		363		271		258		198		136		58		17		4		0		0
2015  0			11		8			13		11		32		28		34		71		0			37		33		75		95		172		303		495		541		545		282		92		41		85		74		183		360		551		769		602		244		55	10  0
2016  3784	7746	5326	3630	3549	1500	471	  525	  662	  633	  755	  675	  696	  560	  367	  100	  50	  81	  102	  113	  228	  554	  751	  1119	1075	999	  814	  622	  431	  259	  129	52	4
2017  257   369	  220   199	  100   23    13    0     5     13    23    24    106   100   421   544   625   350   189   120   179   305   237   348   248   267   196   230   106   64    40  9   3
2018  0   	0	    0	    0	    0	    0 	  0   	0     0     0     0     0     0     0     0     0     0	    0	    0	    0	    0	    0	    0	    0	    0	    0	    0     0	    0	    0	    0	   0	  0
reclas_edadtalla
2001  NA	  7.2	  13.8	15.1	17.3	NA
2002	NA	  8.2	  14.5	16.2	18	  NA
2003	NA	  7.8	  13.3	16.2	17.9	NA
2004	NA	  10.1	14.5	16.3	NA	  NA
2005	NA	  8.5	  14.8	16	  17.5	NA
2006	NA	  8.5	  14.7	16.1	17.6	NA
2007	NA	  11.3	15.1	17.2	17	  NA
2008	NA	  10.4	15.1	16.5	17.7	NA
2009	NA	  7.8	  15.6	16.8	17.5	NA
2010	NA	  6.7	  14.7	15.8	17	  NA
2011	NA	  8.9	  15	  16.2	NA	  NA
2012	NA	  9.7	  14.6	15.8	17.1	NA
2013	NA	  10	  14.9	16.4	NA	  NA
2014	NA	  10.1	14.7	16.4	NA	  NA
2015  NA		10.9  15.9  16.9  17.0  NA
2016  NA    NA    NA    NA    NA    NA
2017  NA    NA    NA    NA    NA    NA
pelaces_talla																																
2003  0			0			0			0			0			0			0			0			0			9			107		160		547		621		2014	2199	3420	3920	4092	4173	4734	4051	4021	3667	3160	1501	717		274		154		47		0		 0		0
2004  0			0			0			0			0			0			0			0			0			50		88		273		557		406		310		639		1491	2792	4969	6777	8643	7223	6787	5255	4338	4573	4393	2849	1384	381		54	 0		0
2005  0			0			0			0			0			0			0			0			0			0			91		147		696		758		1255	1048	1055	1033	1392	2112	2064	1592	1173	919		495		363		360		172		101		2			0		 0		0
2006  0			0			0			0			0			0			0			0			0			0			0			15		225		783		1336	1966	2626	4487	3665	6544	6869	11341	15877	17461	14937	9852	6274	2857	1070	232		108	 0		0
2007  0			0			0			0			0			0			0			2			160		334		982		1121	1140	1342	1501	2165	3234	4680	8121	9976	7990	6806	4003	4514	2657	2539	3488	1684	2287	1026	170	 0		0
2008  0			0			0			0			0			0			0			0			0			0			0			0			0			0			0			0			0			0			0			0			0			0			0			0			0			0			0			0			0			0			0		 0		0
2009  0			0			0			0			0			1128	1190	1585	1737	3300	4215	3369	4214	3513	3232	1976	2298	2310	2004	2008	2712	3573	4578	5051	10587	9485	13903	9117	6466	2821	935	 216	0
2010  0			0			0			0			0			0			0			0			0			54		193		1145	1510	1667	1936	1521	1523	1809	1339	1771	1230	1533	1485	1500	1076	847		659		555		340		145		25	 6		0
2011  0			0			0			0			0			0			0			0			0			0			0			2			175		212		409		804		1360	2071	1918	1958	1978	2096	1864	1896	708		340		220		73		50		11		0		 0		0
2012  0			0			0			0			0			0			0			0			0			49		173		461		1293	1261	1864	1609	1509	1289	899		842		927		999		1044	1124	713		351		203		82		98		20		5		 0		0
2013  24		320		415		409		336		189		141		303		364		315		209		265		250		140		110		67		68		109		118		202		398		563		891		809		486		250		128		55		24		6			0		 0		0
2014  0			0			0			0			0			0			7			6			66		116		134		81		3			31		49		74		220		437		449		572		492		532		719		753		963		1267	813		495		217		120		54	 14	  10
2015	37		21		55		475		356		57		12		13		240		790		1346	1827	2155	2915	2923	2876	2434	1342	1050	580		611		545		627		544		532		546		518		341		127		80		110	 22	  22
2016  112	  338	  402	  674	  766	  457	  1204	3602	6644	8757	6778	4857	5791	4361	4177	3476	3389	3135	1896	1536	995	  855	  850	  650	  470	  350	  608	  657	  1108	810	  604	 172	33	
2017  0   	40	  82	  46	  146	  369	  2281	4004	5764	4771	4413	3680	4591	4072	2865	1932	960	  390	  237	  672	  1407	2368	3022	1806	921	  486	  255	  79	  96	  16	  3	   0	  0
2018  0   	0	    0	    0	    0	    0 	  0   	0     0     0     0     0     0     0     0     0     0	    0	    0	    0	    0	    0	    0	    0	    0	    0	    0     0	    0	    0	    0	   0	  0
pelaces_edadtalla
2007  8.2		12.4	15		16.6	18		NA
2009	7.3		11.5	15.7	17.2	18.2	NA
2010	8.8		11.4	14.7	16.5	17.8	NA
2011	9			12.5	14.6	16.8	NA		NA
2012	9.1		11.8	14.8	17.1	NA		NA
2013	6.2		13.4	14.8	15.7	NA		NA
2014	NA		12.6	15.4	16.2	19		NA
2015 	12.6	13.8	16.1	17.5	18.7  NA
2016  0     0     0     0     0     0
2017  0     0     0     0     0     0
flota_talla																																
2000  0			0			0			0				0				0				528				4722			14150			38044			160406		282407			514315			822866			1242505			1348234			1603044			1645042			1580571			1450160			1563500			1613590			1464524			1421482			1417069			1371814			1431100			1061099			734406		519348		266742		114244		18438
2001  0			0			0			2965294	1003817	3700182	15722636	17954602	83497703	130668196	271755567	467750823		750382142		1144582864	1474964850	1515301747	1566741458	1257958029	1055512072	773200673		754787760		604221847		571359812		497970899		323120863		185603784		46590614		28005845		11650385	4704077		0					91674			0
2002  0			0			0			0				208122	0				1526230		8446738		60994318	308639805	991095180	1450693990	1931706823	1902670091	1745100881	1384488214	1138943608	949965774		865147426		871957948		1013464024	827998980		734053119		740173565		781282984		760520606		462360284		203286855		46188920	5790229		349090		295189		0
2003  0			0			0			0				0				0				931665		12460806	44034612	71253633	171074442	452920774		713148709		691405581		713820734		1141546030	1159758785	1168485122	1225652071	1430631930	1496646590	1810653145	1604833333	1407281849	964990384		549172114		217690346		107712801		34162085	11459880	2924185		1407735		0
2004  0			0			0			0				0				0				0					0					502643		1659415		5550918		16326778		56545796		163642744		260547095		480508921		730676004		958221411		1184105783	1482872453	1524683678	1386960052	1492972614	1258451519	1100993510	999032914		742333642		461595089		186319409	71319401	9035743		57919			581859
2005  0			0			0			0				0				150017	79370			39621			866986		2405463		5916907		17908922		42365610		102497820		244543855		453705644		867948144		1116825083	1496577237	1737452402	1654569766	1575107962	1571334061	1410784731	1290390715	953415189		769637867		571969535		448207374	227364266	48490650	12153677	920703
2006  0			0			0			0				0				0				1332557		2531550		5675605		4357408		8538337		21595913		54078944		92497852		180681535		291189831		507400500		739736435		914249176		1484105464	1383191000	1728832629	1518204981	1461881925	1308525129	827638432		735865449		570056461		376283691	157665699	54100511	12208562	1852726
2007  0			0			0			0				0				0				0					9935534		1096007		5330947		11790060	44202608		63293042		112959487		175463897		333831431		487035992		742610948		930868631		1318481464	1472902129	1648403890	1734892568	1567663035	1337062401	1315981008	1332735654	1148829959	817608890	417479428	103581856	41802829	3126084
2008  0			0			0			0				0				0				0					0					0					2095671		16372983	38954965		101593369		162970478		319838346		543148688		792246012		1050197007	1087935598	1446846564	1397569643	1360055119	1129984301	948058992		713002155		706329703		606136184		582877798		504720074	330923606	117939614	26537356	4748089
2009  0			0			0			0				0				0				0					0					2049781		18696785	27505199	159932770		402070729		626845500		1114969623	1785823348	2046829847	2780803782	2528610533	2870215941	1917054008	1423215827	811333569		607569849		465559590		553486823		566745468		589408262		393452768	250292479	88434804	17563540	1741254
2010  0			0			0			0				0				0				0					0					516402		3460590		11326647	33001175		52280656		98381366		137349027		189881944		196878897		375974973		446975151		666177746		805993667		927751338		877407018		622740525		407690811		295723877		253849587		207912849		116206182	59809122	18251357	4287225		1037681
2011  0			0			0			0				0				0				0					0					0					550493		297687		1135018			2604518			10465851		24894682		44741571		69782925		107073675		167380894		208128936		204315566		282704588		264766735		169239050		127487861		76789593		47021195		23975606		16546848	3144467		1280773		0					0	
2012  0			0			0			0				0				0				0					0					167502		1318664		3057517		3684056			14475448		21614889		33650132		64093314		69952411		64675818		38204783		53697294		63316425		68005533		93922108		100607448		69277149		72789002		57600447		42960502		22668924	8886448		884279		327419		0
2013  0			0			0			4360		5087		2180		727				199173		199900		695917		2223504		4606599			6035461			8390646			10362719		14294180		21020879		43552413		91326590		133042632		170189740		263624389		284349433		287247370		248858610		200173460		155344333		100600350		38367727	8257456		1902002		570523		0
2014  0			0			0			0				0				0				0					0					0					0					9977			9977				478113			236562			2253930			3685554			6471656			12041277		24390137		34284358		56038164		95331682		126960932		180383868		167348614		190697173		140881190		108451668		99953397	77662868	46329967	25757400	6510261
2015  0	    0	    0	    0	      0	      0	      0	        0	        433534  	1300716  	3033528	  4265047	    5564533	    14089461	  22166075  	28325884	  39168307  	36500661	  36371273  	42518678	  44965282  	65899287  	67771229  	113905342 	141933251 	216608189 	260086487 	219281854 	124051393	52404490	29872533	12517208	10479775									
2016  0			0			0			0				154638	1662007	4943937		12724536	28032195	26271545	29531247	33580577		34787432		31961577		28814485		33498930		35169468		47458023		62431236		75830012		99809105		127702235		155227718		155042861		152370790		185333940		181822725		213693454		257455610	286847015	229697956	131860076	47013731
2017  0	    0	    0	    0	      0	      0	      0	        0	        0  	      0  	      0	        0	          0	          0  	        0  	        0	          0  	        0	          0 	        0           0 	        0 	        0  	        0 	        0 	        0 	        0 	        0 	        0	        0	        0	        0	        0
2018  0	    0	    0	    0	      0	      0	      0	        0	        0  	      0  	      0	        0	          0	          0  	        0  	        0	          0  	        0	          0 	        0           0 	        0 	        0  	        0 	        0 	        0 	        0 	        0 	        0	        0	        0	        0	        0
flota_abundanciaedad																																
2000	264801035		11361075119	6285836953	1734845581	121735448	NA																										
2001	517177021		10283490584	2662233108	98291264		578238		NA																										
2002	355204854		14556985462	4014378813	255727583		5052280		NA																										
2003	1353184993	11450516756	4167802059	232155882		2399650		NA																										
2004	34363480		10655823079	3653314263	223874669		8121816		NA																										
2005	173942514		10915279509	4690260512	806160896		38583599	NA																										
2006	286489931		8328631303	5173617277	601172958		54356531	668932																										
2007	214715133		7453897786	7778102740	1614974735	117279385	NA																										
2008	471409193		8404402657	4345816464	690330280		80161688	NA																										
2009	1172988487	17781790463	2637970805	443953156		11231617	2821105																										
2010	122100009		4180324196	2299513373	184783812		24175968	NA																										
2011	11539446		1339782035	480496069		22510980		0					NA																										
2012	63405069		1973720627	639638132		52538352		0					NA																										
2013	55890384		804064843		799510421		29123848		493167		NA																										
flota_tallaedad																																
2000	9.5		11.3	14.8	16.5	17.9	NA																										
2001	9.8		11.8	14.5	16.7	17.5	NA																										
2002	9.6		10.3	14.4	15.8	16.8	NA																										
2003	10.7	11.9	14.1	15.5	17.9	NA																										
2004	10.9	12.7	15.3	16.8	17.4	NA																										
2005	11.1	12.7	15		16.7	17.5	NA																										
2006	10.7	12.9	14.8	16.6	17.3	19.2																										
2007	9.7		12.7	14.9	16.6	17.7	NA																										
2008	10.2	12.5	15		17		17.7	NA																										
2009	10.5	12		15.5	17		17.9	18.1																										
2010	9.7		12.8	14.4	16.8	17.6	NA																										
2011	10.3	12.8	14.7	16.6	NA		NA																										
2012	10.2	12.5	15.5	16.9	NA		NA																										
2013	11.3	13.7	14.7	16.7	17.6	NA																										
flota_pesoedad																																
2000	5.4		9.8		22.9	32.8	42.1	NA																										
2001	5.9		10.6	20.2	31		35.3	NA																										
2002	5.9		7.6		19.6	25.9	30.7	NA																										
2003	8			11.8	17.8	24		37.4	NA																										
2004	8.5		14.4	27.2	37.6	42.1	NA																										
2005	9			13.7	23.1	32.6	37.5	NA																										
2006	7.2		13.4	20.4	29.8	34.1	47.9																										
2007	5.8		13.9	23.3	33.2	40.4	NA																										
2008	7			13		22.4	32.9	36.9	NA																										
2009	6.9		10.6	24.3	32.6	38.2	40.1																										
2010	6.1		13.6	19.7	30.6	35.8	NA																										
2011	7.5		14.1	21.2	30.2	NA		NA																										
2012	7.4		14.4	26.4	34.8	NA		NA																										
2013	10.3	18.5	22.6	33.4	39.8	NA																										
flota_abundanciaedad_1erTrim																																
2000	0		7228278315	4231194255	1321486857	99307863	NA																										
2001	0		5344144129	831421078		22412279		463479		NA																										
2002	0		11798382216	2063258842	83179135		NA				NA																										
2003	0		6147521469	2583994190	152993791		574769		NA																										
2005	0		7173067463	2273421778	471530274		7286585		NA																										
2007	0		1889712888	3147772549	875558817		88905278	NA																										
2008	0		1021714833	867625883		265447173		27970592	NA																										
2009	0		2441458597	298718379		43233758		6626263		2821105																										
2011	0		495978086		139037219		5483317			NA				NA																										
2012	0		236392853		56812507		6350655			NA				NA																										
2013	0		475489831		400120309		10751932		NA				NA																										
flota_tallaedad_1erTrim																																
2000	0		11		14.8	16.4	17.8	NA																										
2001	0		11.1	13.4	15.9	17.5	NA																										
2002	0		9.8		13.9	15.8	NA		NA																										
2003	0		10.9	13.7	15.3	17		NA																										
2005	0		12.1	14.9	16.7	17.2	NA																										
2007	0		12.1	14.8	16.7	17.6	NA																										
2008	0		11.7	15.5	17		17.7	NA																										
2009	0		10.6	15.2	16.4	17.6	18.1																										
2011	0		12.8	15.2	16.8	NA		NA																										
2012	0		10.1	16.1	16.6	NA		NA																										
2013	0		13.3	14.4	17		NA		NA																										
flota_pesoedad_1erTrim																																
2000	0		8.8		23.4	33.7	44.4	NA																										
2001	0		9.1		15.6	25.5	33		NA																										
2002	0		6.2		19.5	29.1	NA		NA																										
2003	0		9.1		17.9	25.1	34.6	NA																										
2005	0		12.5	24.2	33.8	37		NA																										
2007	0		12		23.7	35.4	42.8	NA																										
2008	0		11.7	27.5	35.7	40.1	NA																										
2009	0		8.3		25.7	32.4	40		44.1																										
2011	0		14.8	25.2	34.9	NA		NA																										
2012	0		9.8		33.7	37.2	NA		NA																										
2013	0		17.6	22		35.6	NA		NA																										
flota_abundanciaedad_2doTrim																																
2000	73371388		3930804509	1970083331	404360342	22427586	NA																										
2001	666330951		3228332626	413792105		18903269	NA				NA																										
2002	NA					1517577754	1855669320	28605023	211968		NA																										
2003	1035391207	3009801034	1082926616	70532613	635376		NA																										
2005	11532767		2230549314	1800789195	241441867	25545008	NA																										
2007	165134382		4181906775	3583112342	576002776	25215485	NA																										
2008	242659130		6390564693	2687016716	290955898	43981045	NA																										
2009	424450247		11694400555	832844096		65893032	3720483		NA																										
2011	9619949			739257040		278430984		11062892	NA				NA																										
2012	29060870		1228875406	413095254		38219968	NA				NA																										
2013	NA					131351015		340791451		17640308	493167		NA																										
flota_tallaedad_2doTrim																																
2000	9			11.9	14.8	16.8	17.9	NA																										
2001	9.7		11.8	14.4	16.4	NA		NA																										
2002	NA		11.6	14.2	15.9	18.3	NA																										
2003	10.6	12.7	14.3	15.8	17.5	NA																										
2005	9.5		13.4	14.9	16.9	17.5	NA																										
2007	9.2		12.4	14.7	16.5	17.8	NA																										
2008	9.3		12.4	14.4	17		17.6	NA																										
2009	9.7		11.9	14.5	16.4	18.1	NA																										
2011	9.9		12.6	14.4	16.7	NA		NA																										
2012	9.5		12.2	15.2	16.9	NA		NA																										
2013	NA		13.5	14.8	16.5	17.6	NA																										
flota_pesoedad_2doTrim																																
2000	3.6		10.4	22.7	34.7	43.2	NA																										
2001	5.3		10.3	20.1	30.9	NA		NA																										
2002	NA		10.1	19		27.3	43		NA																										
2003	7.6		13.6	19.5	26.9	37.5	NA																										
2005	5.1		15.8	22.1	33.3	37.2	NA																										
2007	4.5		12.3	21.9	32		41.4	NA																										
2008	5.2		12.5	19.6	32.1	35.4	NA																										
2009	5.1		10.2	19.6	29.6	41.3	NA																										
2011	6.5		13.5	20.2	31.8	NA		NA																										
2012	5.8		13.1	25.2	35.4	NA		NA																										
2013	NA		16.9	21.6	29.4	35.9	NA																										
flota_abundanciaedad_3erTrim																																
2000	105980122	74154481		20138533	2707850		NA			NA																										
2002	77171250	154080683		326866190	22986987	NA			NA																										
2003	228203071	1608405349	420904053	8155620		1189505	NA																										
2005	91694960	420830203		303600466	50290309	4149771	NA																										
2007	15725413	243979706		369095999	52828874	3158622	NA																										
2008	7643312		61604449		71447963	25464440	5308977	NA																										
2009	344942382	2069973265	583844592	98462171	NA			NA																										
2011	NA				22695586		35139252	3456111		NA			NA																										
2012	14904589	45659329		28310984	2466360		NA			NA																										
2013	2762352		19793564		9942723		678837		NA			NA																										
flota_tallaedad_3erTrim																																
2000	9.6		13.6	15.2	16.6	NA		NA																										
2002	8.1		14.3	15.5	16.2	NA		NA																										
2003	10.6	13.3	15.3	17		18.5	NA																										
2005	10.7	13.5	15.4	16.9	18.2	NA																										
2007	9.9		14.1	15.9	17		17.8	NA																										
2008	10.3	13.1	15.9	17.1	18.1	NA																										
2009	10.6	12.5	15.8	17.3	NA		NA																										
2011	NA		13.9	15		16.4	NA		NA																										
2012	10.4	13.3	15.7	17		NA		NA																										
2013	10.4	13.9	15.3	16.7	NA		NA																										
flota_pesoedad_3erTrim																																
2000	5.2		14.9	21.3	27.8	NA		NA																										
2002	3.5		17.5	22.1	24.7	NA		NA																										
2003	6.6		14.1	21.6	29.8	39.3	NA																										
2005	7			14.8	22.1	29.1	37		NA																										
2007	5.8		18.4	26.7	32.8	38.4	NA																										
2008	6.3		14		26.2	33		39.8	NA																										
2009	5.7		10.6	23.9	32.5	NA		NA																										
2011	NA		16.6	21.2	27		NA		NA																										
2012	6.9		14.9	23.6	30		NA		NA																										
2013	6.5		15.1	20.5	27.1	NA		NA																										
flota_abundanciaedad_4toTrim																																
2000	85449525	127837814		64420834	6290732		NA			NA																										
2002	201332263	669488076		346199618	38345071	3994597	NA																										
2003	89590715	684788904		79977200	473857		NA			NA																										
2005	70714787	1090832529	312449073	42898447	1602235	NA																										
2007	33855339	1138298417	678121849	110584269	NA			NA																										
2008	221106752	930518682		719725902	108462769	2901074	NA																										
2009	403595858	1575958045	922563738	233364194	884871	NA																										
2011	1919497		81851323		27888614	2508661		NA			NA																										
2012	19439611	462793039		141419387	5501369		NA			NA																										
2013	53128032	177430434		48655938	52770			NA			NA
flota_tallaedad_4toTrim
2000	9.8		13		15.7	16.6	NA		NA																										
2002	10.4	13.8	15.5	16.3	16.6	NA																										
2003	11.8	14		15.6	17.1	NA		NA																										
2005	11.8	14.4	15.8	16.8	18		NA																										
2007	12.4	14.7	16.2	17.1	NA		NA																										
2008	11.1	14		16.2	17.2	19.2	NA																										
2009	11.3	14.1	16.3	17.2	19.1	NA																										
2011	12.2	14.6	15.2	15.8	NA		NA																										
2012	11.2	14.3	15.9	17		NA		NA																										
2013	11.4	14.8	15.8	18.4	NA		NA
flota_pesoedad_4toTrim
2000	6.2		14.5	25		29.5	NA		NA																										
2002	7.4		15.7	21.4	24.6	25.7	NA																										
2003	10.4	17.3	23.2	30.4	NA		NA																										
2005	10.6	19		25.1	30.4	37.3	NA																										
2007	13		21.1	27.8	32.6	NA		NA																										
2008	8.1		17.2	26.8	32.3	46		NA																										
2009	8.8		17.7	27.7	32.6	45.4	NA																										
2011	12.6	20.6	23.3	26.3	NA		NA																										
2012	9.4		20.2	28		34.4	NA		NA																										
2013	10.9	24		29		46		NA		NA																										
reclas_BT_BR_AT_AR																																
2000 370054   162824  59686   50136
2001 412103   209535  76668   64875
2002 1494267  129451  96193   38332
2003 250295   152228  46445   41633
2004 1289818  170431  91596   37074
2005 931140   311369  100806  75512
2006 785840   296843  100405  78427
2007 897777   274714  76628   41808
2008 1040062  105259  61942   24274
2009 184774   142707  43355   41797
2010 17550    14317   6905    6747
2011 25797    7340    2745    2009
2012 100020   63523   13176   11174
2013 73551    13895   5414    2673
2014 116472   42176   9512    6239
2015 120727   15123   5851    1959
2016 218422   28920   45233   37981
2017 84188    18814   5965    3424
2018 347160   37829   27366   12078
pelaces_BT_AT
2003 601222   43667
2004 1210346  65269
2005 182527   17512
2006 2062538  108527
2007 1510612  106147
2008 1692584  106836
2009 1874556  107525
2010 298747   22258
2011 248664   18144
2012 174083   16827
2013 86301    8044
2014 172949   8692
2015 242188   26150
2016 501740   70620
2017 490994   51774
2018 745055   65208
des_oficialesvscorregidos_sard																																	
1991 556305	556305	0.7	494567																														
1992 447988	447988	0.8	514787																														
1993 243591	243591	0.7	250237																														
1994 340973	340973	0.8	358949																														
1995 126715	126715	0.4	120608																														
1996 446668	446668	0.6	361735																														
1997 441149	441149	0.9	552515																														
1998 317416	50562	  0.6	73892																														
1999 781544	213959	0.9	212993																														
2000 772465	207832	0.9	205616																														
2001 324462	33278	  0.8	50451																														
2002 347083	347083	0.9	305257																														
2003 300358	300358	0.8	282360																														
2004 331527	331527	0.9	372689																														
2005 273268	273268	0.8	242976																														
2006 579879	579879	0.8	496438																														
2007 271707	271707	0.8	344596																														
2008 804893	804893	0.8	713623																														
2009 852042	852042	0.9	905818																														
2010 749490	749490	0.7	603450																														
2011 814926	814926	0.7	796319																														
2012 850170	850170	0.7	826505																														
2013 227985	227985	0.5	402507																														
2014 533230 533230  0.8 449644
2015 430837 430837  0.6 390330	
2016 275329 275329   0   0			
2017 340684 340684   0   0
2018 341507 341507   0   0
2019 318126 318126   0   0
2020 258092 258092   0   0
2021 339537 339537   0   0
anos_FFRMSanch_BDBDRMSanch_FFRMSsard_BDBDRMSSard
1991	1.952	0.765	0.709	2.374
1992	1.267	0.937	1.292	1.625
1993	1.038	0.958	1.259	0.789
1994	3.259	0.642	1.886	0.439
1995	2.213	0.616	0.629	0.486
1996	3.583	0.463	1.103	0.58
1997	3.404	0.422	2.518	0.84
1998	1.282	0.547	0.448	0.458
1999	4.598	0.369	1.824	0.388
2000	0.509	0.415	2.535	0.239
2001	0.119	0.791	0.56	0.152
2002	1.767	0.644	2.228	0.304
2003	2.034	0.804	1.997	0.335
2004	1.608	1.156	3.527	0.291
2005	1.974	1.18	2.742	0.17
2006	3.367	0.972	2.111	0.195
2007	3.306	0.845	1.411	0.74
2008	2.737	0.594	1.319	0.644
2009	6.381	0.251	1.822	1.491
2010	9.016	0.107	1.652	1.09
2011	8.013	0.08	1.253	1.179
2012	4.795	0.093	1.621	1.503
2013	2.404	0.108	1.001	1.353
2014	2.362	0.139	0.861	1.056
2015	1.919	0.193	0.854	1.592
2016	1.522	0.286	0.702	1.305
2017	1.145	0.306	0.809	1.039
2018	0.608	0.549	0.751	1.219
2019	0.993	0.706	0.739	1.455
year_desmb_mensual
1990 1991 1992 1993 1994 1995 1996 1997 1998 1999 2000 2001 2002 2003 2004 2005 2006 2007 2008 2009 2010 2011 2012 2013 2014 2015 2016 2017 2018 2019 
desembarque_mensual
25068	43889	33012	35077	30961	38416	65254	56228	21171	73094	36194	14051	15795	10035	684	    214	    530	    4	    3	    3	    3	    0	    3	    3	    0	    0	    0	    0	    9.25	202
22814	51631	31878	52121	71971	67252	102248	63232	23009	136370	110375	22084	71683	33066	99024	113354	33224	28661	19083	6017	5229	487	    256	    241	    675	    70	    1010	1029	2184	89
19510	56307	76137	15182	122588	18126	64707	85899	32154	189328	169148	53839	56436	95123	87464	100938	65202	168587	56249	56424	8794	25998	6701	21550	10484	2304	30527	13721	15363	32534
22892	25879	60089	20980	63873	9340	26172	36206	28342	166603	75543	35228	39762	61597	78038	95752	71296	177385	85487	121019	81493	46529	30503	7411	27745	27947	9715	6200	11895	44085
14470	14806	21313	30516	48339	12525	15633	23937	20581	235566	35417	1085	21713	28866	27768	35291	56297	77328	95764	63580	35278	12986	10863	3386	9120	15587	8296	8616	7576	26575
9321	16429	518	    5410	19178	3989	8428	6867	32801	107363	6161	3539	4413	5073	5228	16464	11281	10222	43820	23571	11464	2016	2762	2828	1367	1560	4940	1833	5518	13292
7950	15940	14168	7989	13959	3276	4503	1335	17196	20450	1073	324	    333	    5542	5049	9927	6662	4528	5170	47178	3322	2030	2753	748	    2014	974	    2753	1468	16	    4148
2094	10576	3326	3278	14285	613	    5372	2144	15545	502	    15	    0	    55	    719	    687	    470	    2614	2251	32	    14569	9790	359	    299	    0	    0	    41	    0	    0	    0.75	106
997	    7222	3226	2808	5207	6567	21260	5385	27881	15955	4929	617	    9221	29677	9255	20562	40510	19547	168	    196	    256	    10	    34	    0	    0	    0	    0	    0	    98.45	81
6554	3536	739	    2652	26497	26099	25034	4410	25092	84682	3469	6534	11963	7498	17879	29345	61609	45274	47344	48351	14092	3574	7379	1001	2284	1650	1908	3040	1708	250
6150	12530	5138	14836	26800	10107	7354	6454	26410	32208	3195	6762	3577	2824	12310	10304	32187	20911	16354	37048	35246	5212	7308	2262	2809	9807	12100	15387	15842	28271
14328	9272	12714	15087	29565	60136	14863	5	    5003	2859	1548	2268	663	    1381	8097	7721	9004	2994	9232	9945	10584	1843	4718	3122	344	    3407	856	    4375	1361	8177
